Bus.con = [ ... 
  1  230  0.96856  -0.61292  1  1;
  2  230  0.953  -0.54917  1  1;
  3  230  1.0002  -0.2833  1  1;
  4  230  1.008  -0.27165  1  1;
  5  400  1.0265  -0.25382  1  1;
  6  230  1.0576  -0.61106  1  1;
  7  230  0.96771  -0.42846  1  1;
  8  230  0.99306  -0.51836  1  1;
  9  230  1.0195  -0.72939  1  1;
  10  230  0.95441  -0.84457  1  1;
  11  230  0.92897  -0.59157  1  1;
  12  230  0.99766  -0.53707  1  1;
  13  115  0.99722  -0.20566  1  1;
  14  400  1.07  -0.020149  1  1;
  15  115  1.0009  -0.19751  1  1;
  16  230  1.0178  -0.22895  1  1;
  17  230  0.94143  -0.58376  1  1;
  18  115  1.0447  -0.081846  1  1;
  19  230  1.0183  -0.23912  1  1;
  20  230  0.9367  -0.47429  1  1;
  21  400  0.90978  -0.37531  1  1;
  22  230  0.97044  -0.53562  1  1;
  23  115  1.02  -0.118  1  1;
  24  138  1.0046  -0.90972  1  1;
  25  230  0.99316  -0.83224  1  1;
  26  400  0.96966  -0.72924  1  1;
  27  230  1.0059  -0.83355  1  1;
  28  115  0.98444  -0.26004  1  1;
  29  115  0.98025  -0.26446  1  1;
  30  400  1.1192  -0.12256  1  1;
  31  230  1.0561  -0.68744  1  1;
  32  230  1.0055  -0.23512  1  1;
  33  138  1.0573  -0.90473  1  1;
  34  230  1.0067  -0.85005  1  1;
  35  230  0.98193  -0.81876  1  1;
  36  400  0.96726  -0.71909  1  1;
  37  230  0.975  -0.21147  1  1;
  38  400  1.0506  -0.17198  1  1;
  39  230  1.0419  -0.70804  1  1;
  40  230  1.0017  -0.2328  1  1;
  41  400  0.99372  -0.23808  1  1;
  42  400  1  0  1  1;
  43  400  1  0  1  1;
  44  230  1  0  1  1;
  45  230  1  0  1  1;
  46  230  1.0021  -0.55915  1  1;
  47  230  1  0  1  1;
  48  115  1.0023  -0.25717  1  1;
  49  230  1.02  -0.24902  1  1;
  50  230  1.07  -0.19263  1  1;
  51  400  1.0142  -0.15088  1  1;
  52  230  1.0719  -0.13773  1  1;
  53  400  1.07  -0.05981  1  1;
  54  400  1.0552  -0.050057  1  1;
  55  765  1.07  0  1  1;
  56  115  0.95525  -0.20379  1  1;
  57  230  0.97836  -0.32408  1  1;
  58  400  1.0223  -0.26866  1  1;
  59  230  1.0104  -0.46538  1  1;
  60  230  0.98578  -0.53261  1  1;
  61  400  0.97877  -0.4492  1  1;
  62  765  0.99847  -0.42871  1  1;
  63  400  1.0615  -0.13875  1  1;
  64  230  0.98199  -0.50182  1  1;
  65  400  1.002  -0.44264  1  1;
  66  765  1.05  -0.39644  1  1;
  67  230  1.0094  -0.18727  1  1;
  68  400  1.146  -0.14257  1  1;
  69  230  1.0163  -0.62695  1  1;
  70  115  1.05  -0.034407  1  1;
  71  400  1.07  -0.075961  1  1;
  72  230  0.95279  -0.55856  1  1;
  73  765  1.0746  -0.10559  1  1;
  74  115  0.98025  -0.26446  1  1;
  75  230  0.93938  -0.84702  1  1;
  76  230  1.0023  -0.83915  1  1;
  77  230  0.98896  -0.82269  1  1;
  78  138  1.0547  -0.91261  1  1;
  79  230  1.0045  -0.84235  1  1;
  80  400  1.0189  -0.15846  1  1;
  81  230  0.99933  -0.4575  1  1;
  82  230  0.98842  -0.82663  1  1;
  83  230  0.99115  -0.50302  1  1;
  84  400  1.05  -0.41469  1  1;
  85  230  1.07  -0.62878  1  1;
  86  115  1.02  0.054618  1  1;
  87  115  0.99383  0.019735  1  1;
  88  138  1.07  -0.91379  1  1;
  89  230  0.92904  -0.47497  1  1;
  90  230  1.07  -0.64372  1  1;
  91  230  0.94718  -0.5857  1  1;
  92  230  1.0021  -0.55915  1  1;
  93  400  1.0293  -0.26664  1  1;
  94  765  1.05  -0.2544  1  1;
  95  230  1.0593  -0.69162  1  1;
  96  230  1.0158  -0.30624  1  1;
  97  230  0.93698  -0.47554  1  1;
  98  400  0.90882  -0.3702  1  1;
  99  230  1.0224  -0.42388  1  1;
  100  765  1.0514  -0.36841  1  1;
  101  230  1.05  -0.45942  1  1;
  102  230  1.0585  -0.6092  1  1;
  103  230  0.95955  -0.48769  1  1;
  104  138  1.0329  -0.91001  1  1;
  105  230  0.99849  -0.84504  1  1;
  106  138  1.07  -0.87735  1  1;
  107  230  1.0674  -0.65301  1  1;
  108  230  0.94798  -0.58922  1  1;
  109  230  0.9567  -0.546  1  1;
  110  400  0.94273  -0.52379  1  1;
  111  765  0.98704  -0.46859  1  1;
 ];

Line.con = [ ... 
  55  54  1500  765  60  0  1.9124  0.01  0.2  0  0  0  0  0  0  1;
  55  54  1500  765  60  0  1.9124  0.01  0.2  0  0  0  0  0  0  1;
  5  4  900  400  60  0  1.7391  0.01  0.2  0  0  0  0  0  0  1;
  21  20  450  400  60  0  1.7391  0.01  0.2  0  0  0  0  0  0  1;
  98  97  450  400  60  0  1.7391  0.01  0.2  0  0  0  0  0  0  1;
  55  54  1500  765  60  0  1.9124  0.01  0.2  0  0  0  0  0  0  1;
  98  97  450  400  60  0  1.7391  0.01  0.2  0  0  0  0  0  0  1;
  100  99  1000  765  60  0  3.3256  0.01  0.2  0  0  0  0  0  0  1;
  100  99  1000  765  60  0  3.3256  0.01  0.2  0  0  0  0  0  0  1;
  66  65  1500  765  60  0  1.9124  0.01  0.2  0  0  0  0  0  0  1;
  65  64  450  400  60  0  1.7391  0.01  0.2  0  0  0  0  0  0  1;
  65  64  450  400  60  0  1.7391  0.01  0.2  0  0  0  0  0  0  1;
  66  64  1000  765  60  0  3.3256  0.01  0.2  0  0  0  0  0  0  1;
  62  60  1000  765  60  0  3.3256  0.01  0.2  0  0  0  0  0  0  1;
  62  60  1000  765  60  0  3.3256  0.01  0.2  0  0  0  0  0  0  1;
  61  60  900  400  60  0  1.7391  0.01  0.2  0  0  0  0  0  0  1;
  53  52  450  400  60  0  1.7391  0.01  0.2  0  0  0  0  0  0  1;
  84  83  450  400  60  0  1.7391  0.01  0.2  0  0  0  0  0  0  1;
  111  110  1500  765  60  0  1.9124  0.01  0.2  0  0  0  0  0  0  1;
  111  109  1000  765  60  0  3.3256  0.01  0.2  0  0  0  0  0  0  1;
  94  93  1500  765  60  0  1.9124  0.01  0.2  0  0  0  0  0  0  1;
  110  109  900  400  60  0  1.7391  0.01  0.2  0  0  0  0  0  0  1;
  36  35  1350  400  60  0  1.7391  0.01  0.2  0  0  0  0  0  0  1;
  94  93  1500  765  60  0  1.9124  0.01  0.2  0  0  0  0  0  0  1;
  57  56  300  230  60  0  2  0.01  0.2  0  0  0  0  0  0  1;
  26  25  450  400  60  0  1.7391  0.01  0.2  0  0  0  0  0  0  1;
  105  104  333  230  60  0  1.6666  0.01  0.2  0  0  0  0  0  0  1;
  79  78  333  230  60  0  1.6666  0.01  0.2  0  0  0  0  0  0  1;
  34  33  333  230  60  0  1.6666  0.01  0.2  0  0  0  0  0  0  1;
  38  37  450  400  60  0  1.7391  0.01  0.2  0  0  0  0  0  0  1;
  25  24  333  230  60  0  1.6666  0.01  0.2  0  0  0  0  0  0  1;
  54  53  1000  400  60  0  1  0.01  0.2  0  0  0  0  0  0  1;
  68  67  300  400  60  0  1.913043  0.01  0.2  0  0  0  0  0  0  1;
  38  37  450  400  60  0  1.7391  0.01  0.2  0  0  0  0  0  0  1;
  111  109  1000  765  60  0  3.3256  0.01  0.2  0  0  0  0  0  0  1;
  41  40  600  400  60  0  1.7391  0.01  0.2  0  0  0  0  0  0  1;
  16  15  300  230  60  0  2  0.01  0.2  0  0  0  0  0  0  1;
  49  48  450  230  60  0  2  0.01  0.2  0  0  0  0  0  0  1;
  73  55  100  765  60  161  0  0.012  0.0008727  1.320457e-008  0  0  25.29  22.76  25.29  1;
  73  55  100  765  60  161  0  0.012  0.0008727  1.320457e-008  0  0  25.29  22.76  25.29  1;
  99  59  100  230  60  43.6  0  0.05  0.001294461  8.941863e-009  0  0  27.3  24.9  27.3  1;
  32  16  100  230  60  109  0  0.05  0.001294461  8.941863e-009  0  0  10.9  9.9  10.9  1;
  53  38  100  400  60  187  0  0.03380645  0.000933966  1.26263e-008  0  0  26.7  24.3  26.7  1;
  9  75  100  230  60  130  0  0.05  0.001294461  8.941863e-009  0  0  9.2  8.3  9.2  1;
  109  75  100  230  60  300  0  0.05  0.001294461  8.941863e-009  0  0  4  3.6  4  1;
  109  75  100  230  60  300  0  0.05  0.001294461  8.941863e-009  0  0  4  3.6  4  1;
  52  50  100  230  60  68  0  0.05  0.001294461  8.941863e-009  0  0  17.5  15.9  17.5  1;
  109  11  100  230  60  25  0  0.05  0.001294461  8.941863e-009  0  0  47.7  43.4  47.7  1;
  12  64  100  230  60  152  0  0.05  0.001294461  8.941863e-009  0  0  7.8  7.1  7.8  1;
  12  64  100  230  60  152  0  0.05  0.001294461  8.941863e-009  0  0  7.8  7.1  7.8  1;
  92  12  100  230  60  150  0  0.05  0.001294461  8.941863e-009  0  0  7.9  7.2  7.9  1;
  71  30  100  400  60  144.2  0  0.03380645  0.000933966  1.26263e-008  0  0  34.7  31.5  34.7  1;
  11  60  100  230  60  134  0  0.05  0.001294461  8.941863e-009  0  0  8.9  8.1  8.9  1;
